- 1
100
1265

- 2
179
1250

- 3
246
1234

- 4 (zu 11)
305
1234

- 5
365
1209

- 6
429
1250

- 7
511
1262

- 8
580
1265

- 9
653
1259

- 10
722
1234

- 11 (zu 4)
791
1206

- 12
880
1180

- 13
981
1199

- 14
1059
1215

- 15 (zu 28)
1148
1234

- 16
1239
1253

- 17
1321
1256

- 18
1394
1259

- 19
1492
1269

- 20
1583
1247

- 21
1640
1180

- 22
1706
1117

- 23
1697
1000

- 24 (zu 64)
1603
940

- 25
1528
900

- 26
1436
868

- 27
1346
920

- 28 (zu 15)
1251
913

- 29
1147
900

- 30
1069
898

- 31
980
908

- 32
902
965

- 33
820
955

- 34
568
775

- 35
503
720

- 36
456
691

- 37(zu 97)
386
643

- 38
316
626

- 39
262
681

- 40
172
743

- 41
162
823

- 42
209
900

- 43
241
977

- 44
299
1022

- 45
399
997

- 46
478
972

- 47
548
945

- 48
601
870

- 49
650
805

- 50
700
765

- 51
755
745

- 52
815
720

- 53 (zu 90)
870
671

- 54
952
663

- 55 (zu 45)
1029
648

- 56 
1119
618

- 57
1226
638

-58
1279
666

-59 (zu 69)
1344
691

- 60
1426
720

- 61 
1486
715

- 62
1548
703

- 63
1593
663

- 64 (zu 24)
1630
596

- 65
1663
526

- 66
1683
441


- 67
1665
391

- 68
1618
351

- 69 ( zu 59)
1543
306

- 70
1463
284

- 71
1384
289

- 72
1326
284

- 73
1269
281

- 74
1216
321

- 75
1229
389

- 76
1236
466

- 77
1204
533

- 78
1122
513

- 79
1052
483

- 80
987
456

- 81
955
386

- 82
970
316

 - 83
982
239

- 84
947
162

- 85
877
169

- 86
815
189

- 87
758
222

- 88
713
269

- 89
658
316

- 90 (zu 53)
615
379

- 91
546
414

- 92 (zu 37)
486
431

- 93
421
436

- 94
369
409

- 95
321
351

- 96
314
276

- 97
306
194

